0 0 0 0 0 2 0 5 0 0 8 2 1 0 9 4 5 0 7 
0 0 0 0 0 2 0 5 0 0 8 2 1 0 9 4 5 0 7 
0 0 0 0 0 2 0 5 0 0 8 2 1 0 9 4 5 0 7 
0 0 0 0 0 2 0 5 0 0 8 2 1 0 9 4 5 0 7 
0 0 0 0 0 2 0 5 0 0 8 2 1 0 9 4 5 0 7 
0 0 0 0 0 2 0 5 0 0 8 2 1 0 9 4 5 0 7 
0 0 0 0 0 2 0 5 0 0 8 2 1 0 9 4 5 0 7 
0 0 0 0 0 2 0 5 0 0 8 2 1 0 9 4 5 0 7 
0 0 0 0 0 2 0 5 0 0 8 2 1 0 9 4 5 0 7 
0 0 0 0 0 2 0 5 0 0 8 2 1 0 9 4 5 0 7 
0 0 0 0 0 2 0 5 0 0 8 2 1 0 9 4 5 0 7 
0 0 0 0 0 2 0 5 0 0 8 2 1 0 9 4 5 0 7 
0 0 0 0 0 2 0 5 0 0 8 2 1 0 9 4 5 0 7 
0 0 0 0 0 2 0 5 0 0 8 2 1 0 9 4 5 0 7 
0 0 0 0 0 2 0 5 0 0 8 2 1 0 9 4 5 0 7 
0 0 0 0 0 2 0 5 0 0 8 2 1 0 9 4 5 0 7 
0 0 0 0 0 2 0 5 0 0 8 2 1 0 9 4 5 0 7 
0 0 0 0 0 2 0 5 0 0 8 2 1 0 9 4 5 0 7 
0 0 0 0 0 2 0 5 0 0 8 2 1 0 9 4 5 0 7 
